000101 <-> 131231
0 <-> 700Km
-5 <-> 10 magnitud
0 <-> 100 rms
A <-> C calidad
TO 
0 horas adicionadas
071225 1135 20.27  2 18.95 -76-23.98   0.37         6 142  0.5 0.06  0.1  0.4 B1 06 12251134.PTO P RLA
080111 1227 25.35  2 18.94 -76-23.86   0.21         5 159  0.7 0.01  0.1  0.5 C1 05 01111227.PTO P RLA
080123 0849 18.11  2 19.03 -76-23.77   0.23         6 176  0.9 0.01  0.0  0.3 B1 06 01230849.PTO P RLA
080204 1127 32.79  2 18.92 -76-23.82   0.53         5 165  0.8 0.02  0.1  0.3 C1 05 02041127.PTO P CVS  0.9
080227 1644 13.83  2 18.93 -76-23.87   0.83         5 158  0.7 0.03  0.3  0.6 C1 05 02271644.PTO P CVS  0.9
080327 2231 27.22  2 18.97 -76-23.91   0.80         6 153  0.6 0.03  0.2  0.3 B1 06 03272231.PTO P RLA
080329 0714 07.67  2 18.92 -76-23.92   0.89         6 149  0.6 0.04  0.2  0.4 B1 06 03290714.PTO P RLA
080408 0241 54.06  2 18.99 -76-23.82   0.92         6 167  0.8 0.01  0.1  0.1 B1 06 04080241.PTO P CVS  0.8
080420 2335 25.70  2 19.00 -76-23.84   0.24         5 164  0.8 0.04  0.0  0.1 C1 05 04202335.PTO P RLA
080503 0218 55.10  2 18.98 -76-23.84   0.83         6 163  0.8 0.02  0.1  0.3 B1 06 05030218.PTO P RLA
080918 1139 04.10  2 18.95 -76-23.91   0.54         5 153  0.6 0.05  0.0  0.1 C1 05 09181138.PTO P RLA
081015 1757 26.70  2 18.94 -76-23.79   0.44         5 170  0.8 0.01  0.0  0.2 C1 05 10151757.PTO P RLA
090118 2153 49.92  2 19.00 -76-23.83   0.80         6 166  0.8 0.01  0.0  0.1 B1 06 01182153.PTO P RLA
090413 1408 45.08  2 18.94 -76-23.97   0.53         6 143  0.5 0.04  0.1  0.1 B1 06 04131408.PTO P RLA
090424 0447 41.59  2 18.97 -76-23.77   0.81         5 174  0.9 0.05  0.2  0.4 C1 05 04240447.PTO P RLA
090430 1222 48.06  2 18.96 -76-23.83   0.64         5 165  0.8 0.03  0.1  0.3 C1 05 04301222.PTO P RLA
090513 0547 55.49  2 18.97 -76-23.98   0.62         5 142  0.5 0.04  0.0  0.1 C1 05 05130547.PTO P RLA
090513 2002 36.63  2 18.99 -76-23.81   0.73         5 169  0.8 0.08  0.2  0.4 C1 05 05132002.PTO P RLA
090608 2252 03.07  2 18.94 -76-23.97   0.49         6 143  0.5 0.05  0.1  0.3 B1 06 06082251.PTO P RLA
090627 0103 41.43  2 18.92 -76-23.77   0.52         5 173  0.9 0.02  0.1  0.4 C1 05 06270103.PTO P RLA
091102 0857 34.45  2 18.96 -76-23.80   0.53         6 169  0.8 0.01  0.1  0.2 B1 06 11020857.PTO P RLA
091102 1332 36.22  2 18.97 -76-23.95   0.52         5 147  0.6 0.05  0.2  0.6 C1 05 11021332.PTO P RLA
091110 1558 33.41  2 18.94 -76-23.87   0.34         6 158  0.7 0.02  0.1  0.3 B1 06 11101558.PTO P RLA
100326 0707 38.25  2 18.97 -76-23.90   0.59         5 154  0.7 0.01  0.0  0.1 C1 05 03260707.PTO P RLA
100328 1453 09.16  2 19.02 -76-23.79   0.44         6 173  0.9 0.04  0.1  0.4 B1 06 03281453.PTO P RLA
100401 1446 57.16  2 19.04 -76-23.99   0.33   1.67  5 142  0.6 0.02  0.0  0.1 C1 05 04011446.PTO P rla -0.3
100403 0929 43.45  2 18.94 -76-23.94   0.50         5 132  0.6 0.01  0.1  0.2 C1 05 04030929.PTO P RLA
100406 1629 35.16  2 18.92 -76-23.89   0.56         5 248  0.6 0.02  0.5  0.7 C1 05 04061629.PTO P rla
100407 0800 09.50  2 18.93 -76-23.87   0.29         5 139  0.7 0.01  0.0  0.2 C1 05 04070800.PTO P rla
100408 2020 46.31  2 18.92 -76-23.80   0.27         6 146  0.8 0.02  0.1  0.5 B1 06 04082020.PTO P rla
100409 0938 53.48  2 18.97 -76-23.97   0.70         5 129  0.5 0.01  0.1  0.2 C1 05 04090938.PTO P RLA
100410 1048 07.40  2 18.92 -76-23.86   0.38         5 140  0.7 0.01  0.1  0.4 C1 05 04101048.PTO P RLA
100411 0751 02.77  2 19.01 -76-23.94   0.26         5 132  0.6 0.02  0.1  0.3 C1 05 04110750.PTO P RLA
100417 1057 25.22  2 18.89 -76-23.84   0.55         6 141  0.7 0.01  0.0  0.1 B1 06 04171057.PTO P rla
100418 0755 47.04  2 18.97 -76-23.88   0.35         6 157  0.7 0.04  0.0  0.1 B1 06 04180755.PTO P RLA
100418 1320 15.94  2 18.92 -76-23.88   0.42         5 156  0.7 0.01  0.1  0.2 C1 05 04181320.PTO P RLA
100419 1404 19.58  2 18.94 -76-23.93   0.69         5 149  0.6 0.08  0.2  0.5 C1 05 04191404.PTO P rla
100419 2323 15.20  2 18.89 -76-23.76   0.43         7 149  0.9 0.03  0.1  0.2 B1 07 04192323.PTO P rla
100423 1935 27.16  2 19.03 -76-23.89   0.34         6 156  0.7 0.04  0.1  0.4 B1 06 04231935.PTO P rla
100429 1033 35.91  2 18.92 -76-23.88   0.72         5 138  1.3 0.02  0.2  0.5 C1 05 04291033.PTO P RLA
100501 1150 45.34  2 19.00 -76-23.89   0.69         5 155  0.7 0.06  0.1  0.3 C1 05 05011150.PTO P rla
100506 1549 08.11  2 18.95 -76-23.95   0.65         5 146  0.6 0.06  0.1  0.2 C1 05 05061549.PTO P RLA
100512 0513 29.29  2 18.92 -76-23.85   0.50         6 160  0.7 0.05  0.2  0.7 B1 06 05120513.PTO P RLA
100517 0025 02.39  2 18.93 -76-23.79   0.39         5 126  0.8 0.04  0.1  0.3 C1 05 05170024.PTO P RLA
100520 1256 07.98  2 18.92 -76-23.87   0.47         6 115  0.7 0.03  0.1  0.5 B1 06 05201256.PTO P RLA
100521 0511 25.21  2 18.88 -76-23.87   0.54         6 116  0.7 0.05  0.2  0.8 B1 06 05210511.PTO P RLA
100521 1132 29.93  2 18.89 -76-23.85   0.30         8 119  0.7 0.03  0.1  0.4 B1 08 05211132.PTO P rla
100523 2212 47.73  2 18.97 -76-23.83   0.51         6 164  0.8 0.05  0.1  0.2 B1 06 05232212.PTO P RLA
100528 0508 06.30  2 18.92 -76-23.78   0.75         7 128  0.8 0.03  0.2  0.6 B1 07 05280507.PTO P RLA
100528 2345 25.32  2 18.92 -76-23.90   0.86         7 111  0.6 0.02  0.1  0.3 B1 07 05282345.PTO P RLA
100531 0345 14.15  2 18.92 -76-23.85   0.51         8  99  0.7 0.06  0.2  0.6 B1 08 05310345.PTO P RLA
100531 1836 47.05  2 18.92 -76-23.81   0.62         6 123  0.8 0.03  0.2  0.6 B1 06 05311836.PTO P RLA
100614 0141 50.43  2 18.98 -76-23.91   0.65         8  91  0.7 0.01  0.0  0.1 B1 08 06140141.PTO P rla
100619 1156 04.78  2 18.92 -76-23.91   0.36         7 110  0.6 0.08  0.2  0.8 B1 07 06191155.PTO P RLA
100622 1746 14.98  2 19.00 -76-23.99   0.77         7  98  0.5 0.06  0.2  0.8 B1 07 06221746.PTO P rla
100627 2133 57.91  2 18.95 -76-23.93   0.89         7 106  0.6 0.03  0.1  0.4 B1 07 06272133.PTO P RLA
100707 0247 19.24  2 18.92 -76-23.98   0.60         6 102  0.5 0.06  0.1  0.3 B1 06 07070247.PTO P RLA
100707 1058 14.84  2 18.95 -76-23.86   0.64         7 115  0.7 0.02  0.1  0.3 B1 07 07071058.PTO P RLA
100709 2218 25.51  2 18.92 -76-24.00   0.86         7  99  0.4 0.07  0.2  0.4 B1 07 07092218.PTO P RLA
100715 0503 36.80  2 18.98 -76-23.90   0.61         9  91  0.7 0.03  0.1  0.3 B1 09 07150503.PTO P RLA
100717 0117 40.85  2 19.01 -76-23.75   0.65         6 128  0.9 0.04  0.2  0.9 B1 06 07170117.PTO P RLA
100720 0345 36.15  2 18.90 -76-23.75   0.77         9 134  0.9 0.05  0.1  0.4 B1 09 07200345.PTO P CAO
100725 1545 03.34  2 18.85 -76-24.01   0.88         7 113  0.4 0.04  0.2  0.5 B1 07 07251544.PTO P RLA
100729 2332 42.53  2 18.98 -76-24.01   0.86         6  96  0.5 0.07  0.3  0.7 B1 06 07292332.PTO P RLA
100730 0525 18.54  2 18.98 -76-23.84   0.59         6 116  0.8 0.02  0.1  0.4 B1 06 07300525.PTO P RLA
100730 2226 43.23  2 18.92 -76-23.87   0.85         6 115  0.7 0.03  0.2  0.5 B1 06 07302226.PTO P RLA
100801 0944 17.56  2 18.92 -76-23.92   0.94         6 109  0.6 0.03  0.2  0.5 B1 06 08010944.PTO P RLA
100810 1809 02.87  2 19.02 -76-23.93   0.49         6 103  0.7 0.03  0.1  0.5 B1 06 08101808.PTO P RLA
100814 2015 11.69  2 18.97 -76-23.92   0.51         5 150  0.6 0.02  0.1  0.3 C1 05 08142014.PTO P RLA
100815 2156 13.99  2 19.08 -76-23.90   0.58         7 104  0.8 0.06  0.2  0.9 B1 07 08152156.PTO P RLA
100823 2059 30.11  2 18.92 -76-23.95   0.98         6 105  0.5 0.03  0.2  0.4 B1 06 08232059.PTO P RLA
100826 0953 30.93  2 19.01 -76-23.79   0.60         6 122  0.9 0.07  0.1  0.5 B1 06 08260953.PTO P RLA
100902 0625 19.05  2 18.95 -76-23.89   0.57         5 111  0.7 0.07  0.1  0.3 C1 05 09020624.PTO P RLA
100905 1013 11.82  2 18.87 -76-23.90   0.85         7 112  0.6 0.03  0.2  0.4 B1 07 09051012.PTO P RLA
100912 2116 38.77  2 18.92 -76-23.88   0.72         6 114  0.7 0.02  0.1  0.3 B1 06 09122116.PTO P RLA
100913 0354 56.87  2 18.88 -76-23.81   0.70         7 119  0.8 0.04  0.2  0.5 B1 07 09130354.PTO P RLA
100923 0535 33.37  2 18.92 -76-23.89   0.51         6 112  0.6 0.03  0.1  0.5 B1 06 09230535.PTO P RLA
100925 0609 34.50  2 18.96 -76-23.91   0.47         8 108  0.6 0.04  0.1  0.6 B1 08 09250609.PTO P RLA
100926 0143 48.77  2 18.96 -76-23.86   0.64         6 115  0.7 0.02  0.1  0.4 B1 06 09260143.PTO P RLA
100930 0603 07.06  2 18.90 -76-23.95   0.72         6 105  0.5 0.05  0.1  0.2 B1 06 09300602.PTO P RLA
101015 1740 44.68  2 19.02 -76-23.80   0.42         7 119  0.9 0.05  0.0  0.2 B1 07 10151740.PTO P RLA
101024 1343 17.89  2 18.98 -76-23.95   0.40         7 146  0.6 0.03  0.1  0.2 B1 07 10241343.PTO P RLA
101026 0611 12.11  2 19.01 -76-23.77   0.32         6 175  0.9 0.02  0.1  0.4 B1 06 10260611.PTO P RLA
101031 1145 08.91  2 18.97 -76-23.83   0.30         6 164  0.8 0.01  0.1  0.3 B1 06 10311145.PTO P RLA
101108 0904 02.96  2 18.86 -76-23.89   0.50         5 154  0.6 0.07  0.0  0.1 C1 05 11080903.PTO P CVS
101115 0406 48.02  2 18.92 -76-23.86   0.55         6 159  0.7 0.04  0.2  0.5 B1 06 11150406.PTO P RLA
101119 1440 07.25  2 18.95 -76-23.97   0.42         5 144  0.5 0.04  0.2  0.4 C1 05 11191440.PTO P RLA
101120 0430 55.96  2 18.92 -76-23.86   0.56         5 159  0.7 0.02  0.2  0.5 C1 05 11200430.PTO P RLA
101120 0935 58.92  2 18.86 -76-23.88   0.73         6 155  0.6 0.02  0.1  0.3 B1 06 11200935.PTO P RLA
101125 0850 16.93  2 18.92 -76-24.10   0.83         6  89  0.3 0.06  0.1  0.2 A1 06 11250850.PTO P RLA
101125 1804 07.62  2 18.97 -76-23.86   0.48         7 115  0.7 0.05  0.2  0.8 B1 07 11251804.PTO P RLA
101126 1424 48.34  2 18.99 -76-23.81   0.43         6 119  0.8 0.02  0.1  0.4 B1 06 11261424.PTO P RLA
101127 1555 47.78  2 18.97 -76-23.89   0.43         7 110  0.7 0.02  0.1  0.2 B1 07 11271555.PTO P RLA
101129 2320 17.75  2 18.97 -76-23.87   0.40         6 113  0.7 0.01  0.1  0.2 B1 06 11292320.PTO P RLA
101202 1352 57.08  2 18.94 -76-23.87   0.38         7 114  0.7 0.02  0.0  0.2 B1 07 12021352.PTO P RLA
101205 0808 54.81  2 19.02 -76-23.79   0.82         6 121  0.9 0.02  0.2  0.5 B1 06 12050808.PTO P RLA
101205 0907 52.31  2 18.91 -76-24.03   0.52         7  97  0.4 0.09  0.1  0.2 B1 07 12050907.PTO P RLA
101210 0525 41.45  2 19.00 -76-23.79   0.72         6 122  0.9 0.04  0.2  0.8 B1 06 12100525.PTO P RLA
110101 1201 52.49  2 18.92 -76-23.87   0.71         6 116  0.7 0.02  0.1  0.3 B1 06 01011201.PTO P RLA
110103 0636 50.69  2 18.93 -76-24.14   0.74         6  85  0.2 0.09  0.1  0.3 A1 06 01030636.PTO P RLA
110113 1118 01.42  2 18.90 -76-23.72   0.79         5 138  1.1 0.01  0.2  0.9 C1 05 01131117.PTO P RLA
110205 0726 58.80  2 18.92 -76-24.12   0.76         6  87  0.3 0.08  0.2  0.4 A1 06 02050726.PTO P RLA
110205 1300 40.15  2 18.92 -76-23.83   0.67         6 120  0.7 0.03  0.2  0.6 B1 06 02051300.PTO P RLA
110205 2344 16.15  2 18.92 -76-23.82   0.89         6 123  0.8 0.04  0.2  0.7 B1 06 02052344.PTO P RLA
110206 0447 41.13  2 18.97 -76-23.99   0.79         6  98  0.5 0.06  0.2  0.5 B1 06 02060447.PTO P RLA
110206 0618 28.36  2 18.92 -76-23.83   0.77         6 121  0.8 0.04  0.2  0.6 B1 06 02060618.PTO P RLA
110206 1154 07.63  2 18.92 -76-23.85   0.53         6 118  0.7 0.03  0.1  0.6 B1 06 02061154.PTO P RLA
110207 0256 54.51  2 18.96 -76-24.00   0.63         6  98  0.5 0.07  0.2  0.6 B1 06 02070256.PTO P RLA
110207 1354 24.45  2 18.95 -76-23.98   0.71         5 101  0.5 0.03  0.0  0.1 C1 05 02071354.PTO P RLA
110207 1759 11.53  2 19.02 -76-23.98   0.52   1.76  6  98  0.6 0.05  0.3  0.9 B1 06 02071759.PTO P RLA  0.9
110210 0018 09.35  2 18.92 -76-23.88   0.57         6 114  0.7 0.05  0.3  0.9 B1 06 02100018.PTO P RLA
110301 2100 56.84  2 18.92 -76-23.74   0.96         6 135  0.9 0.04  0.2  0.5 B1 06 03012100.PTO P RLA
110315 0523 52.35  2 18.92 -76-23.86   0.77         6 116  0.7 0.04  0.2  0.7 B1 06 03150523.PTO P RLA
110412 0456 27.66  2 18.95 -76-23.79   0.68         5 126  0.8 0.01  0.1  0.4 C1 05 04120456.PTO P RLA
110420 0307 17.58  2 18.92 -76-23.82   0.64         7 122  0.8 0.05  0.2  0.9 B1 07 04200307.PTO P RLA
110421 0311 58.76  2 18.95 -76-23.78   0.74         6 126  0.9 0.02  0.1  0.3 B1 06 04210311.PTO P RLA
110425 1715 18.64  2 18.98 -76-23.89   0.53         6 110  0.7 0.04  0.2  0.7 B1 06 04251715.PTO P RLA
110426 0220 08.99  2 18.92 -76-24.06   0.57         6  93  0.4 0.10  0.2  0.4 B1 06 04260220.PTO P RLA
110509 1638 49.32  2 18.92 -76-23.83   0.69         6 120  0.7 0.02  0.1  0.4 B1 06 05091638.PTO P RLA
110509 1950 24.21  2 18.93 -76-24.07   0.53         6  91  0.3 0.09  0.2  0.4 B1 06 05091950.PTO P RLA
110601 0521 09.99  2 18.92 -76-23.82   0.47         6 122  0.8 0.03  0.1  0.6 B1 06 06010521.PTO P RLA
110603 1243 24.84  2 19.04 -76-23.81   0.49         6 117  0.9 0.03  0.2  0.7 B1 06 06031243.PTO P RLA
110619 2342 13.12  2 18.92 -76-23.80   0.93         6 125  0.8 0.06  0.2  0.5 B1 06 06192342.PTO P RLA
110627 0356 17.61  2 18.91 -76-23.82   0.57         6 123  0.8 0.02  0.1  0.4 B1 06 06270356.PTO P RLA
110815 0200 43.79  2 18.92 -76-23.87   0.46         6 116  0.7 0.03  0.1  0.5 B1 06 08150200.PTO P RLA
111107 0426 30.63  2 18.86 -76-23.84   0.91         7 122  0.7 0.03  0.1  0.3 B1 07 11070426.PTO P RLA
111113 0537 01.16  2 18.86 -76-23.85   0.72         5 121  0.7 0.02  0.2  0.6 C1 05 11130536.PTO P RLA
111114 0219 55.61  2 19.00 -76-23.87   0.83         6 192  0.7 0.02  0.3  0.5 C1 06 11140219.PTO P RLA
111128 0509 03.34  2 18.98 -76-23.87   0.62         7  94  0.7 0.03  0.1  0.4 B1 07 11280508.PTO P RLA
111213 1957 49.86  2 19.03 -76-23.80   0.60         6 121  0.9 0.07  0.1  0.5 B1 06 12131957.PTO P RLA
111220 0027 50.21  2 18.99 -76-23.82   0.63         7  98  0.8 0.07  0.3  0.8 B1 07 12200027.PTO P RLA
120107 1748 52.35  2 18.98 -76-24.03   0.57         6  94  0.5 0.07  0.1  0.2 B1 06 01071748.PTO P RLA
120116 0952 57.28  2 18.99 -76-23.80   0.90         7  99  0.8 0.04  0.2  0.4 B1 07 01160952.PTO P RLA
120118 1034 00.08  2 18.97 -76-23.88   0.63         6 113  0.7 0.04  0.2  0.8 B1 06 01181033.PTO P RLA
120121 0151 10.62  2 18.97 -76-23.95   0.34         6 104  0.6 0.04  0.2  0.8 B1 06 01210151.PTO P RLA
120124 1206 52.93  2 19.01 -76-23.93   0.33         7 104  0.6 0.07  0.2  0.8 B1 07 01241206.PTO P ___
120128 0344 30.26  2 18.98 -76-23.81   0.43         7 122  0.8 0.02  0.1  0.3 B1 07 01280344.PTO P RLA
120207 1818 31.83  2 19.01 -76-23.85   0.58         6 191  0.8 0.04  0.2  0.4 C1 06 02071818.PTO P RLA
120317 0152 09.28  2 18.92 -76-23.85   0.57         7 119  0.7 0.04  0.2  0.7 B1 07 03170151.PTO P RLA
120319 1840 32.16  2 18.99 -76-23.79   0.79         7 101  0.9 0.02  0.1  0.2 B1 07 03191840.PTO P RLA
120329 0146 02.99  2 19.07 -76-23.96   0.70         7  98  0.7 0.03  0.1  0.6 B1 07 03290145.PTO P RLA
120404 2112 40.84  2 19.02 -76-23.95   0.39         7 101  0.6 0.02  0.1  0.3 B1 07 04042112.PTO P RLA
120407 0852 40.36  2 18.96 -76-23.97   0.60         7 101  0.5 0.06  0.1  0.3 B1 07 04070852.PTO P RLA
120408 1057 02.50  2 19.05 -76-23.94   0.52         8  84  0.7 0.05  0.2  0.6 A1 08 04081056.PTO P RLA
120411 1652 57.29  2 18.91 -76-23.90   0.84         7 112  0.6 0.02  0.1  0.3 B1 07 04111652.PTO P RLA
120412 0638 25.51  2 18.99 -76-23.92   0.26         9  89  0.6 0.03  0.1  0.3 A1 09 04120638.PTO P RLA
120413 0433 04.00  2 18.94 -76-23.87   0.51         9  95  0.7 0.03  0.1  0.2 B1 09 04130432.PTO P RLA
130218 1139 59.09  2 19.03 -76-23.99   0.11         7 142  0.6 0.02  0.1  0.8 B1 07 02181139.PTO P ___
130224 1638 12.84  2 18.86 -76-23.93   1.14   2.47  7 109  0.5 0.01  0.1  0.1 B1 07 02241638.PTO P RLA  0.9
130503 1136 25.30  2 19.06 -76-23.87   0.89         9  88  0.8 0.04  0.2  0.3 A1 09 05031136.PTO P CAO
130809 0001 44.10  2 18.92 -76-23.79   0.61         9 102  0.8 0.08  0.3  0.8 B1 09 08090001.PTO P MAR
130825 1200 26.47  2 18.94 -76-24.13   0.69         7  85  0.3 0.07  0.2  0.4 A1 07 08251200.PTO P RLA
131124 0252 43.84  2 18.92 -76-23.81   1.90   3.31  6 145  0.8 0.06  0.5  0.6 B1 06 11240252.PTO P CVS  1.5
131124 1802 19.55  2 18.92 -76-23.89   0.90   3.34  6  94  0.6 0.04  0.2  0.5 B1 06 11241802.PTO P CVS  1.3
131209 2038 31.17  2 18.92 -76-24.18   0.93   2.50  5 115  0.2 0.04  0.4  0.6 C1 05 12092037.PTO P DFC  1.3
131210 0628 58.84  2 19.10 -76-23.98   0.23   1.17  5 101  0.7 0.05  0.1  0.8 C1 05 12100628.PTO P ___  0.7
